["happy juice", "happiness"]
[1.0, 0, 0, 0, 0, 0, 0, 0, 0, 0, 0, 0]
[1.0, 0, 0, 0, 0, 0, 0, 0, 0, 0, 0, 0]
"pow(2.0, -1.0*T/600.0)"
["Having some #0#.", "Consuming some #0#."]

["sad juice"]
[-1, 0, 0, 0, 0, 0, 0, 0, 0, 0, 0, 0]
[1.0, 0, 0, 0, 0, 0, 0, 0, 0, 0, 0, 0]
"pow(2.0, -1.0*T/600.0)"
["Having some #0#.", "Consuming some #0#."]

["sleepy juice"]
[0, -1, 0, 0, 0, 0, 0, 0, 0, 0, 0, 0]
[0, 1.0, 0, 0, 0, 0, 0, 0, 0, 0, 0, 0]
"pow(2.0, -1.0*T/600.0)"
["Having some #0#.", "Consuming some #0#."]

["coffee"]
[0, 1.0, 0, -0.5, 0, 0, 0, 0, 0, 0, 0, 0]
[0, 1.0, 0, 0.5, 0, 0, 0, 0, 0, 0, 0, 0]
"pow(2.0, -1.0*T/600.0)"
["Having some #0#.", "Drinking some #0#."]

["alcohol"]
[0, 0, 1, 0, 0, 0, -1, 0, 0, 0, 0, 0]
[0, 0, 1, 0, 0, 0, 0.25, 0, 0, 0, 0, 0]
"pow(2.0, -1.0*T/600.0)"
["Having some #0#.", "Consuming some #0#."]

["shy juice"]
[0, 0, -1, 0, 0, 0, 0, 0, 0, 0, 0, 0]
[0, 0, 1, 0, 0, 0, 0, 0, 0, 0, 0, 0]
"pow(2.0, -1.0*T/600.0)"
["Having some #0#.", "Consuming some #0#."]

["methadone"]
[0.2, -0.3, -0.2, 0, 0, 0, 0, 0, 0, 0, 0, 0]
[1, 1, 0.25, 0, 0, 0, 0, 0, 0, 0, 0, 0]
"pow(2.0, -1.0*T/600.0)"
["Having some #0#."]

["food"]
[1.0, 1.0, 0, 1.0, 0, 0, 0, 0, 0, 0, 0, 0]
[0.1, 0.1, 0, 0.25, 0, 0, 0, 0, 0, 0, 0, 0]
"pow(2.0, -1.0*T*T/(3600.0*3600.0))"
["Having some #0#.", "Consuming some #0#.", "Eating some #0#."]

["hunger"]
[0.0, 0.0, 0, -1.0, 0, 0, 0, 0, 0, 0, 0, 0]
[0.0, 0.0, 0, 0.5, 0, 0, 0, 0, 0, 0, 0, 0]
"pow(2.0, -1.0*T*T/(3600.0*3600.0))"
["Being #0#."]

["hug"]
[1.0, 0.0, 1.0, 0.0, 1.0, 1.0, 0.0, 1.0, 1.0, 0.0, 1.0, 0.0]
[0.5, 0.0, 0.25, 0.0, 0.25, 1.0, 0.0, 0.25, 0.25, 0.0, 0.5, 0.0]
"pow(2.0, -1.0*T*T/(3600.0*3600.0))"
["Having a hug."]

["awesome juice"]
[1.0, 1.0, 0.0, 1.0, 0.0, 1, 1, 1, 1, 1, 1, 0.0]
[1, 1, 0, 1, 0, 1, 1, 1, 1, 1, 1, 0]
"pow(2.0, -1.0*T*T/(3600.0*3600.0))"
["Having some #0#.", "Consuming some #0#."]
